0	0	0.0977 	0.1954 
0	1	0.0906 	0.1813 
0	2	0.0764 	0.1528 
0	3	0.0762 	0.1523 
0	4	0.0761 	0.1522 
0	5	0.0761 	0.1521 
0	6	0.0760 	0.1521 
0	7	0.0760 	0.1520 
0	8	0.0760 	0.1520 
0	9	0.0760 	0.1520 
0	10	0.0760 	0.1520 
0	11	0.0760 	0.1520 
1	0	0.0973 	0.1947 
1	1	0.0867 	0.1734 
1	2	0.0762 	0.1523 
1	3	0.0761 	0.1522 
1	4	0.0761 	0.1523 
1	5	0.0761 	0.1522 
1	6	0.0760 	0.1520 
1	7	0.0760 	0.1521 
1	8	0.0760 	0.1520 
1	9	0.0760 	0.1520 
1	10	0.0760 	0.1520 
1	11	0.0760 	0.1520 
2	0	0.0905 	0.1809 
2	1	0.0780 	0.1561 
2	2	0.0768 	0.1536 
2	3	0.0761 	0.1521 
2	4	0.0760 	0.1520 
2	5	0.0760 	0.1520 
2	6	0.0760 	0.1520 
2	7	0.0760 	0.1520 
2	8	0.0760 	0.1520 
2	9	0.0760 	0.1520 
2	10	0.0760 	0.1520 
2	11	0.0760 	0.1520 
3	0	0.0837 	0.1674 
3	1	0.0770 	0.1539 
3	2	0.0763 	0.1525 
3	3	0.0761 	0.1522 
3	4	0.0761 	0.1522 
3	5	0.0760 	0.1521 
3	6	0.0760 	0.1520 
3	7	0.0760 	0.1520 
3	8	0.0760 	0.1520 
3	9	0.0760 	0.1520 
3	10	0.0760 	0.1520 
3	11	0.0760 	0.1520 
4	0	0.0832 	0.1663 
4	1	0.0768 	0.1536 
4	2	0.0761 	0.1523 
4	3	0.0761 	0.1521 
4	4	0.0761 	0.1521 
4	5	0.0760 	0.1520 
4	6	0.0760 	0.1520 
4	7	0.0760 	0.1520 
4	8	0.0760 	0.1520 
4	9	0.0760 	0.1520 
4	10	0.0760 	0.1520 
4	11	0.0760 	0.1520 